mat=[0.07 0.18 0.15 0.24;
    0.04 0.]